x:3.0 y:5.0 z:1.0 Ответ:-25.067236342219676
x:4.0 y:7.0 z:2.0 Ответ:-115.81603127502014
x:0.0 y:0.0 z:0.0 Ответ:Infinity
x:6.0 y:5.0 z:3.0 Ответ:-2.609385640797052
